StoneMazeShootingRange,6382,6390,-17629,-17624
StoneMazePath,6388,6390,-17623,-17621
StoneMazePathBig,6391,6399,-17626,-17618
StoneMazePathBig,6400,6408,-17626,-17618
StoneMazePath,6409,6411,-17623,-17621
StoneMazePath,6409,6411,-17626,-17624
StoneMazeStudy,6382,6390,-17650,-17636
StoneMazePath,6409,6411,-17629,-17627
StoneMazePath,6409,6411,-17632,-17630
StoneMazePathBig,6400,6408,-17635,-17627
StoneMazeStudy,6400,6408,-17650,-17636
StoneMazePath,6397,6399,-17632,-17630
StoneMazePath,6394,6396,-17632,-17630
StoneMazeEndChest,6391,6393,-17632,-17630
StoneMazePath,6406,6408,-17644,-17642
StoneMazePath,6388,6390,-17644,-17642
StoneMazePath,6409,6411,-17644,-17642
StoneMazePath,6391,6393,-17644,-17642
StoneMazeEndChest,6409,6411,-17641,-17639
StoneMazePath,6397,6399,-17635,-17633
StoneMazePath,6397,6399,-17629,-17627
StoneMazePath,6394,6396,-17635,-17633
StoneMazePath,6391,6393,-17635,-17633
StoneMazeEndChest,6394,6396,-17629,-17627
StoneMazePath,6391,6393,-17641,-17639
StoneMazePath,6394,6396,-17641,-17639
StoneMazePath,6394,6396,-17638,-17636
StoneMazePath,6391,6393,-17638,-17636
StoneMazePath,6397,6399,-17641,-17639
StoneMazePath,6397,6399,-17638,-17636
StoneMazePath,6394,6396,-17644,-17642
StoneMazePath,6397,6399,-17644,-17642
StoneMazePath,6397,6399,-17647,-17645
StoneMazePagoda,6364,6411,-17656,-17609
ShrineSmallFire,6487,6497,-17652,-17642
