StoneLeafMound,2841,2848,-13862,-13853
StonePlantMound3,2815,2824,-13856,-13845
MesoMazeStairCorridor,2952,2957,-13923,-13921
MesoMazeStairCorridor,2952,2957,-13920,-13918
MesoMazePath,2958,2960,-13920,-13918
MesoMazePath,2961,2963,-13920,-13918
MesoMazePath,2955,2957,-13929,-13927
MesoMazeCorridorCollapse,2961,2963,-13926,-13921
MesoMazePath,2961,2963,-13929,-13927
MesoMazePath,2958,2960,-13923,-13921
MesoMazePath,2952,2954,-13929,-13927
MesoMazePath,2961,2963,-13932,-13930
MesoMazePath,2952,2954,-13926,-13924
MesoMazePath,2961,2963,-13920,-13918
MesoMazePath,2958,2960,-13920,-13918
MesoMazePath,2958,2960,-13932,-13930
MesoMazePath,2958,2960,-13935,-13933
MesoMazePath,2961,2963,-13935,-13933
MesoMazeStairCorridor,2933,2938,-13920,-13918
MesoMazeStairCorridor,2933,2938,-13923,-13921
MesoMazePath,2930,2932,-13920,-13918
MesoMazePath,2930,2932,-13923,-13921
MesoMazePath,2930,2932,-13923,-13921
MesoMazePath,2933,2935,-13929,-13927
MesoMazePath,2933,2935,-13926,-13924
MesoMazePath,2930,2932,-13926,-13924
MesoMazeZombieTable,2933,2938,-13929,-13924
MesoMazePath,2930,2932,-13926,-13924
MesoMazePath,2930,2932,-13929,-13927
MesoMazePath,2930,2932,-13929,-13927
MesoMazePath,2936,2938,-13929,-13927
MesoMazePath,2930,2932,-13920,-13918
MesoMazePath,2927,2929,-13929,-13927
MesoMazeStairCorridor,2927,2929,-13926,-13921
MesoMazePath,2936,2938,-13926,-13924
MesoMazePath,2927,2929,-13920,-13918
SnakeTemple,2922,2968,-13943,-13913
